param N:= 4;
param budget:= 27000;
param time:= 9;
param hotel_cost:= 
0	1080
1	1310
2	1036
3	1387;

param min_days:= 
0	0
1	3
2	4
3	3;

param daily_cost:=
1100;

param tourism_exp:=
0	0
1	1000
2	500
3	4000;

param path [0,*,*,0]:
 1 2:=
1 0 0
2 0 0
3 0 0

[0,*,*,1]:
 1 2:=
1 5221.739994519754 2.9436991756320166
2 2434.262331742631 10.292714830392061
3 4396.2818035203145 8.91989298366109

[0,*,*,2]:
 1 2:=
1 5704.376583896774 2.7576274691462865
2 2571.006003804187 10.308278713838112
3 4380.261713224414 8.733773124911421

[0,*,*,3]:
 1 2:=
1 5071.821720809062 2.1232963401978955
2 2873.5345136948226 10.196118672347962
3 4028.3425265189653 8.103956849410217

[1,*,*,0]:
 1 2:=
1 5862.239805788739 2.3603921678871274
2 2435.3579848826307 10.915864065895732
3 4111.975761267361 8.59338575324654

[1,*,*,1]:
 1 2:=
1 0 0
2 0 0
3 0 0

[1,*,*,2]:
 1 2:=
1 5234.641932466613 2.500300366533744
2 2647.6135866928676 10.444708217637055
3 4868.174082509608 8.821942479078698

[1,*,*,3]:
 1 2:=
1 5146.289727350287 2.1200309265428485
2 2420.54170658243 10.494976585445766
3 4472.845176777697 8.569437535442624

[2,*,*,0]:
 1 2:=
1 5783.332454141084 2.229409532374528
2 2957.2249258637057 10.220380261906362
3 4457.019464492366 8.809316738987254

[2,*,*,1]:
 1 2:=
1 5065.4463258295655 2.6051238535237173
2 2752.1804738210894 10.860833994437778
3 4731.7318691189175 8.091175858550057

[2,*,*,2]:
 1 2:=
1 0 0
2 0 0
3 0 0

[2,*,*,3]:
 1 2:=
1 5716.497328178628 2.904714618840095
2 2652.60057326321 10.108842722429921
3 4162.10330994746 8.044696880459968

[3,*,*,0]:
 1 2:=
1 5752.11994686658 2.414809261796426
2 2516.497255940522 10.115612285834093
3 4406.953859679451 8.573830627504467

[3,*,*,1]:
 1 2:=
1 5564.156032163492 2.7203341932275054
2 2868.4879961882807 10.686678484343878
3 4145.499051516427 8.504857571316519

[3,*,*,2]:
 1 2:=
1 5435.572542201932 2.995532584170813
2 2164.1746285050053 10.960414221592366
3 4968.43923017015 8.582003284039029

[3,*,*,3]:
 1 2:=
1 0 0
2 0 0
3 0 0;